25
77
98
126
191
322
338
429
440
472
566
591
674
721
778
802
806
810
868
909
934
1008
1175
1208
1247
1264
1336
1338
1355
1443
1465
1629
1674
1677
1922
1953
2015
2020
2042
2102
2261
2326
2451
2550
2553
2554
2736
2803
2878
3024
3117
3206
3223
3307
3318
3340
3347
3485
3615
3634
3685
3699
3734
3890
3940
4037
4050
4140
4167
4174
4199
4216
4231
4390
4467
4520
4522
4621
4638
4656
4671
4674
4730
4743
4763
4773
4798
4802
4819
4844
4853
4923
5132
5231
5267
5339
5459
5463
5469
5470
5571
5646
5649
5670
5671
5704
5708
5771
5897
5962
6020
6072
6102
6115
6163
6217
6229
6285
6295
6380
6461
6462
6500
6510
6582
6743
6745
6783
6855
6897
6905
6982
7074
7337
7590
7665
7790
7869
7913
7986
8055
8140
8181
8254
8368
8387
8425
8502
8540
8556
8630
8636
8675
8747
8787
8820
8848
9076
